00000000: 00101000 11101011 11100010 10110011 00100100 01000111  (...$G
00000006: 01110011 01111011 00001101 00101010 01110011 01100001  s{.*sa
0000000c: 00110011 10001011 10101010 11011011 10010001 11011010  3.....
00000012: 10100001 01000101 01000010 00000111 10100101 10100000  .EB...
00000018: 01100000 11000110 11000001 00100100 00010101 01110100  `..$.t
0000001e: 10101100 00000010 00110000 10101100 10111001 11010101  ..0...
00000024: 11010001 10000110 00001000 00111011 10001100 10001110  ...;..
0000002a: 11101100 01111000 11110010 00100110 00010110 11101000  .x.&..
00000030: 11101111 01000011 10100110 00101000 10110101 01001000  .C.(.H
00000036: 01011011 10010010 01110100 01011101 11100000 11110101  [.t]..
